image_width: 160
image_height: 120
camera_name: ir0
camera_matrix:
  rows: 3
  cols: 3
  data: [200, 0, 80, 0, 200, 60, 0, 0, 1]
distortion_model: plumb_bob
distortion_coefficients:
  rows: 1
  cols: 5
  data: [0.003472456772169354, -0.3232598113988226, 0.001908341548726065, 0.008401460095714469, 0]
rectification_matrix:
  rows: 3
  cols: 3
  data: [1, 0, 0, 0, 1, 0, 0, 0, 1]
projection_matrix:
  rows: 3
  cols: 4
  data: [200, 0, 80, 0, 0, 200, 60, 0, 0, 0, 1, 0]